3 6 6598 3262 9498 3211 391 6241 
3 3 587 6469 495 
2 6 495 6535 11388 247 309 241 
2 6 241 11360 11318 9335 6286 6241 
2 5 6469 3444 6500 6496 3262 
1 3 9458 11446 3501 
3 15 6449 3579 11535 6599 9434 485 11420 9500 11548 575 6446 6560 516 3516 11519 
2 5 575 11483 3576 9536 3516 
1 5 9434 11563 6569 9534 11506 
1 7 11506 11518 11549 13011 6545 5291 11516 
2 3 11516 9559 6583 
3 7 11516 5291 6545 13011 11549 11518 11506 
2 4 11516 11642 6698 9642 
1 5 6666 9622 9620 9638 663 
1 5 9638 678 698 11642 11516 
1 7 678 6529 9503 549 11531 9575 6583 
2 7 549 3558 11560 3423 11494 3547 587 
4 8 9503 6542 3530 9517 11499 708 3705 692 
1 9 692 11653 6725 9681 3703 9665 11651 704 11666 
1 5 564 6549 3397 6488 6444 
1 2 11560 6488 
2 3 11544 9572 9557 
1 3 11544 9572 6421 
2 6 11544 571 3299 9515 11653 692 
1 7 692 11620 673 11618 671 6673 11612 
2 6 6626 599 9627 9596 653 9648 
1 3 653 3673 11612 
1 3 9648 6690 11666 
1 3 688 6708 3703 
1 2 9665 732 
2 3 6488 6594 9557 
2 5 3585 6418 11542 9414 11401 
1 3 9541 9569 11542 
3 5 11542 9429 11556 569 3569 
2 4 3569 6562 3414 3583 
1 3 732 543 9541 
3 7 374 3326 3271 6377 526 9375 3522 
3 7 3522 9456 3499 6521 11505 3207 6282 
2 5 11481 3535 6582 6487 3522 
3 8 3522 9238 9264 6298 6325 9347 6257 6389 
1 2 6389 317 
2 4 9238 9294 11305 321 
2 3 3561 425 6582 
1 2 538 6582 
3 13 9427 13205 6464 11467 9511 6512 9570 552 6595 3572 9496 11505 6521 
3 5 6282 6334 9334 9361 11372 
2 3 3585 9471 3535 
1 3 11401 11517 6595 
1 3 3583 9457 11467 
1 2 241 3326 
1 3 3561 6513 564 
1 4 564 11431 9509 11388 
2 5 6558 17 11515 493 9508 
3 7 9263 362 3380 6402 6332 11265 3288 
1 6 6402 11245 6375 9290 6567 3544 
1 5 9508 548 3230 3295 3380 
3 3 9508 9400 3544 
2 5 11467 506 584 11428 9508 
1 4 11539 581 3550 3581 
2 5 3581 3410 442 11430 9427 
2 3 11430 6416 3458 
1 3 3458 6511 3544 
2 7 9340 9240 9317 11291 3074 567 3152 
1 10 67 6144 11105 6108 11211 9194 3083 6066 169 3117 
1 3 67 9167 3137 
1 3 3117 11126 3122 
2 10 1205 12001 9916 3914 914 11767 3884 13255 9780 9809 
2 2 13255 9914 
1 3 9914 9875 833 
2 6 949 3908 3937 6923 6952 6814 
2 6 11818 3936 6990 9791 893 6923 
2 5 949 965 11868 11887 9602 
1 7 949 935 907 3882 867 9849 6940 
1 2 833 867 
3 8 11849 11877 9898 760 6962 3751 3948 6766 
1 4 760 11709 3754 6789 
1 3 6766 11702 6775 
2 4 11549 3447 13081 3516 
1 2 516 6598 
1 3 11372 11343 9263 
2 4 3707 9683 6743 6727 
1 9 3707 565 3577 3407 577 11550 11411 6483 11479 
1 5 11691 11536 6431 6483 11479 
1 6 11479 9468 9494 11507 6499 442 
1 3 11691 6586 3581 
1 12 422 513 572 6557 6509 3457 476 9435 3757 9714 9698 11670 
1 3 6593 441 3543 
1 28 488 9491 9519 559 11504 3557 11397 418 6481 3520 11526 3580 9260 9328 9355 9384 6411 3335 3390 398 371 11383 9396 9371 6233 9289 3378 3350 
1 3 9288 9249 3507 
1 2 3568 3507 
1 11 11202 415 319 222 341 310 11358 11226 11498 9295 3320 
1 38 11670 3738 11703 11546 11683 3755 11715 9419 11422 11437 9433 6478 3468 488 11454 3494 525 3543 9568 3507 9249 6319 6373 3350 6292 216 11370 277 6340 3320 327 6296 6360 6229 9483 3354 6314 9262 
1 3 6222 6342 9483 
1 3 3393 9274 3320 
2 4 6375 9372 11329 11301 
3 10 11849 11877 9728 762 780 3589 6613 11794 648 3652 
2 5 6613 3589 6784 6609 778 
1 8 6613 11593 3594 9607 11576 6648 3621 620 
2 10 6613 11794 9625 667 9644 6518 512 6533 9492 3671 
1 4 512 9725 11491 11506 
1 2 3652 9642 
3 4 3943 3924 11816 6889 
1 4 6889 9894 11872 11899 
1 4 6983 3985 3974 3924 
1 6 3943 11901 591 13252 11735 6626 
1 8 11666 3700 6720 9676 11663 9660 684 6700 
1 4 619 9621 6700 684 
1 4 11610 3680 6703 9660 
1 7 9660 716 6716 3713 11520 3565 11691 
1 3 9809 9821 6889 
1 2 11481 514 
1 4 514 13387 11415 9496 
1 2 13385 3572 
1 3 13387 11415 13385 
2 6 11581 624 9595 6647 11577 11580 
1 3 6983 6619 624 
1 2 619 11577 
1 5 11580 11586 11583 6998 9602 
3 6 9606 11608 6682 6697 3696 11659 
1 5 6697 696 6711 6714 9672 
1 7 9672 9670 711 11672 6747 723 3707 
2 3 11659 730 3713 
1 14 3686 705 3722 568 9712 6771 11700 9729 9571 6420 6776 6474 6505 9461 
1 7 11696 735 11681 6768 3734 3760 719 
1 6 6768 3752 765 9744 585 9417 
1 3 9417 11434 9461 
1 5 11437 11405 3399 3767 9729 
1 3 9490 3669 3652 
1 11 9617 11603 6677 657 11597 9783 9919 9902 9888 6967 6814 
1 3 3796 9610 9612 
1 9 9617 3663 11619 690 3676 11639 676 3694 6711 
1 5 3796 9610 9612 6658 9617 
1 4 949 3971 3952 3796 
1 8 9617 3636 3639 637 3645 6667 11592 9606 
1 5 657 9635 687 3701 6727 
3 13 9710 6762 9737 11565 9597 6657 11600 11616 11465 9510 6536 542 3552 
1 8 11465 503 3495 3509 3534 6547 9523 11506 
1 8 6657 655 629 11869 3626 6651 6644 9607 
2 5 6766 3749 929 6759 6762 
1 4 6775 11720 11565 9737 
2 6 3552 6572 9525 11508 9550 6449 
1 8 6626 628 11584 3604 603 9598 11598 9630 
1 9 3914 11786 863 3864 976 1109 4109 3988 7211 
1 3 12058 1164 9940 
1 5 9909 3928 911 11834 11849 
3 4 9904 9794 6926 925 
2 11 9794 3885 9750 910 9907 1616 6985 6606 11734 9582 3604 
1 8 1616 6973 6788 3772 770 6780 611 778 
1 8 6780 3782 776 3780 773 3776 603 3604 
1 6 11773 11874 11824 9772 6891 3838 
3 8 1048 7183 1178 875 3871 10111 1090 1176 
2 3 4182 10009 9979 
1 2 4182 1178 
1 3 1048 13228 4135 
2 5 1176 11956 4065 10109 10024 
1 18 10024 4098 962 6959 6906 9896 6817 3873 6966 6812 9764 854 6927 9824 9853 3946 6960 9898 
1 8 10024 1093 9903 832 942 9757 6914 3938 
1 5 3938 3794 9800 9846 11825 
3 23 11805 3861 799 6924 9817 11673 6734 9689 11710 758 3761 6764 9719 13218 11707 6749 9703 11688 740 6756 3737 743 9710 
1 7 740 13233 11852 885 903 6936 11825 
1 7 11825 918 920 877 6941 724 9817 
1 4 3816 3954 13223 6966 
1 16 11998 11837 9784 6843 883 6939 3966 6831 9838 925 967 9924 782 6793 9582 11584 
1 3 819 11803 883 
1 11 819 9826 923 11846 9904 11751 6862 6875 11833 6946 6973 
1 3 6862 13388 3885 
2 10 6380 9378 9278 6356 252 121 11166 9188 6143 11213 
1 4 6269 346 3220 121 
1 9 9131 9199 3157 6075 9187 3130 6102 312 3338 
1 8 11370 294 6220 9241 11241 11353 3247 306 
1 9 306 3297 9253 9318 11369 274 3327 3391 6380 
1 6 6262 6396 6290 6348 6414 6380 
2 5 11105 6009 204 3161 3061 
1 16 3061 6186 9206 9100 3060 3151 6174 9097 11186 104 126 4640 11443 11127 11426 3152 
1 18 3151 6174 79 6197 117 71 6154 6086 9111 187 2999 11315 333 6245 9256 344 3259 6380 
1 6 11202 11097 95 3089 11072 117 
1 9 3288 6314 9262 3319 3296 6322 3525 6222 9340 
2 6 11666 6739 13389 541 11522 11539 
2 7 6720 3716 9692 13389 9539 11511 3569 
3 22 1005 1119 12096 10122 9941 10038 7130 4112 928 9921 9799 9887 6912 11867 947 3851 11811 11829 9833 922 11842 9888 
1 28 11811 904 11866 11883 979 6938 3967 6995 11881 11894 975 9932 3714 11753 3653 3656 3658 9626 1530 1599 11708 1539 11674 1610 11704 4614 1536 7661 
1 8 12320 3564 10472 6991 11853 9886 3979 9932 
1 3 6935 4583 12320 
1 11 11746 6956 961 3870 9861 11844 804 11747 6908 3905 904 
1 6 9777 919 11826 11897 6978 6995 
1 3 6807 869 9861 
1 9 719 717 3698 9663 11647 11617 11599 772 3653 
1 11 7661 7495 4458 7624 4463 3668 6701 3682 3672 670 9628 
3 15 11523 3578 6539 9475 6506 6602 3555 3529 6527 9474 6503 6490 3464 11403 9417 
1 19 3529 9504 3582 579 6454 11555 3431 437 6494 510 3527 413 6341 6398 6230 6279 9313 6315 6262 
1 8 3529 498 3487 3461 9440 11579 9735 9753 
2 2 4073 12049 
1 4 3501 13070 11333 6103 
2 14 6103 11374 221 271 322 3287 9322 3353 9250 11297 11317 11270 351 11299 
1 8 11279 6237 9315 9379 6268 9397 6399 11332 
1 3 9379 9269 11297 
1 3 9315 6318 6384 
1 4 407 377 6378 3369 
1 5 540 3463 3422 6489 9458 
1 3 3369 6351 6489 
3 5 3369 7239 9297 11345 6318 
2 10 12071 1151 10028 7030 7188 4143 12004 7011 10005 12049 
3 6 4143 1068 4055 3996 7164 4076 
2 4 7011 10073 7091 4076 
1 23 12049 1155 11979 4161 11970 7176 1086 4206 1201 1065 11919 792 1108 10087 1088 7140 12473 9893 6813 3921 6888 6977 919 
1 5 11746 11810 10056 9763 6807 
1 10 6813 9912 7620 11759 4512 12387 1549 10804 10106 3916 
1 2 4111 792 
1 3 12473 806 11746 
